INFO id, users, power, state, timer
INFO 1, 22, [2, 3, 10, 11, 19, 20, 21, 28, 4], [4, 13, 7, 6, 3, 15, 11, 1, 10], 0
INFO 2, 22, [1, 3, 10, 11, 19, 20, 21, 28, 4], [2, 13, 7, 6, 3, 15, 11, 1, 10], 1
INFO 3, 30, [1, 2, 6, 10, 11, 15, 19, 20, 21, 23, 31, 28, 4, 32, 40], [2, 4, 2, 7, 6, 9, 3, 15, 11, 4, 7, 1, 10, 14, 8], 2
INFO 4, 30, [1, 2, 3, 6, 7, 10, 11, 15, 19, 20, 21, 23, 31, 41, 32, 40], [2, 4, 13, 2, 11, 7, 6, 9, 3, 15, 11, 4, 7, 8, 14, 8], 0
INFO 5, 0, None, 0
INFO 6, 30, [3, 7, 9, 15, 17, 18, 21, 23, 27, 31, 33, 34, 41, 8, 4, 32, 42, 26], [13, 11, 3, 9, 6, 14, 11, 4, 1, 7, 7, 5, 8, 18, 10, 14, 5, 10], 0
INFO 7, 28, [6, 9, 15, 17, 18, 23, 27, 33, 34, 35, 8, 4, 32, 42, 44, 26], [2, 3, 9, 6, 14, 4, 1, 7, 5, 2, 18, 10, 14, 5, 19, 10], 2
INFO 8, 30, [6, 7, 9, 15, 17, 18, 23, 27, 34, 35, 44, 26], [2, 11, 3, 9, 6, 14, 4, 1, 5, 2, 19, 10], 4
INFO 9, 30, [6, 7, 15, 17, 18, 27, 34, 35, 8, 44, 26], [2, 11, 9, 6, 14, 1, 5, 2, 18, 19, 10], 0
INFO 10, 30, [1, 2, 3, 11, 19, 20, 21, 37, 38, 28, 4], [2, 4, 13, 6, 3, 15, 11, 6, 2, 1, 10], 0
INFO 11, 22, [1, 2, 3, 10, 19, 20, 21, 23, 28, 4], [2, 4, 13, 7, 3, 15, 11, 4, 1, 10], 0
INFO 12, 0, None, 0
INFO 13, 0, None, 0
INFO 14, 0, None, 0
INFO 15, 22, [3, 6, 7, 9, 17, 18, 21, 23, 33, 34, 41, 8, 4, 32, 42, 26], [13, 2, 11, 3, 6, 14, 11, 4, 7, 5, 8, 18, 10, 14, 5, 10], 1
INFO 16, 0, None, 0
INFO 17, 22, [6, 7, 9, 15, 18, 23, 27, 34, 35, 8, 44, 26], [2, 11, 3, 9, 14, 4, 1, 5, 2, 18, 19, 10], 2
INFO 18, 28, [6, 7, 9, 15, 17, 27, 34, 35, 45, 54, 8, 44, 26], [2, 11, 3, 9, 6, 1, 5, 2, 9, 4, 18, 19, 10], 2
INFO 19, 30, [1, 2, 3, 10, 11, 20, 21, 31, 37, 38, 47, 28, 4, 40], [2, 4, 13, 7, 6, 15, 11, 7, 6, 2, 10, 1, 10, 8], 0
INFO 20, 24, [1, 2, 3, 10, 11, 19, 21, 23, 31, 37, 38, 47, 28, 4, 32, 40], [2, 4, 13, 7, 6, 3, 11, 4, 7, 6, 2, 10, 1, 10, 14, 8], 1
INFO 21, 30, [1, 2, 3, 6, 10, 11, 15, 19, 20, 23, 31, 33, 37, 38, 41, 47, 48, 49, 28, 4, 32, 40, 42, 58], [2, 4, 13, 2, 7, 6, 9, 3, 15, 4, 7, 7, 6, 2, 8, 10, 3, 3, 1, 10, 14, 8, 5, 6], 0
INFO 22, 0, None, 0
INFO 23, 30, [3, 6, 7, 11, 15, 17, 20, 21, 31, 33, 34, 35, 41, 49, 50, 8, 4, 60, 32, 40, 42, 44, 58, 26], [13, 2, 11, 6, 9, 6, 15, 11, 7, 7, 5, 2, 8, 3, 2, 18, 10, 13, 14, 8, 5, 19, 6, 10], 3
INFO 24, 0, None, 0
INFO 25, 0, None, 0
INFO 26, 30, [6, 7, 8, 9, 15, 17, 18, 23, 27, 32, 33, 34, 35, 41, 42, 44, 45, 53, 54], [2, 11, 18, 3, 9, 6, 14, 4, 1, 14, 7, 5, 2, 8, 5, 19, 9, 1, 4], 2
INFO 27, 26, [6, 7, 9, 17, 18, 34, 35, 45, 54, 8, 42, 44, 26], [2, 11, 3, 6, 14, 5, 2, 9, 4, 18, 5, 19, 10], 0
INFO 28, 30, [1, 2, 3, 10, 11, 19, 20, 21, 31, 37, 38, 47, 48, 55, 40], [2, 4, 13, 7, 6, 3, 15, 11, 7, 6, 2, 10, 3, 7, 8], 0
INFO 29, 0, None, 0
INFO 30, 0, None, 0
INFO 31, 24, [3, 6, 19, 20, 21, 23, 33, 34, 38, 41, 47, 48, 49, 50, 28, 4, 60, 32, 40, 42, 58], [13, 2, 3, 15, 11, 4, 7, 5, 2, 8, 10, 3, 3, 2, 1, 10, 13, 14, 8, 5, 6], 2
INFO 32, 30, [3, 4, 6, 7, 15, 20, 21, 23, 31, 33, 34, 35, 38, 41, 47, 48, 49, 50, 59, 60, 40, 42, 44, 58, 26], [13, 10, 2, 11, 9, 15, 11, 4, 7, 7, 5, 2, 2, 8, 10, 3, 3, 2, 1, 13, 8, 5, 19, 6, 10], 4
INFO 33, 22, [6, 7, 15, 21, 23, 31, 34, 35, 41, 50, 60, 32, 40, 42, 44, 26], [2, 11, 9, 11, 4, 7, 5, 2, 8, 2, 13, 14, 8, 5, 19, 10], 3
INFO 34, 30, [6, 7, 9, 15, 17, 18, 23, 27, 31, 33, 35, 41, 45, 50, 53, 63, 54, 8, 60, 32, 40, 42, 44, 70, 26], [2, 11, 3, 9, 6, 14, 4, 1, 7, 7, 2, 8, 9, 2, 1, 7, 4, 18, 13, 14, 8, 5, 19, 10, 10], 3
INFO 35, 22, [7, 9, 17, 18, 23, 27, 33, 34, 41, 45, 53, 54, 8, 32, 42, 44, 26], [11, 3, 6, 14, 4, 1, 7, 5, 8, 9, 1, 4, 18, 14, 5, 19, 10], 0
INFO 36, 0, None, 0
INFO 37, 24, [10, 19, 20, 21, 38, 47, 48, 55, 64, 65, 28, 40], [7, 3, 15, 11, 2, 10, 3, 7, 11, 1, 1, 8], 0
INFO 38, 22, [10, 19, 20, 21, 31, 37, 41, 47, 48, 49, 55, 65, 28, 32, 40, 58], [7, 3, 15, 11, 7, 6, 8, 10, 3, 3, 7, 1, 1, 14, 8, 6], 0
INFO 39, 0, None, 0
INFO 40, 30, [3, 4, 19, 20, 21, 23, 28, 31, 32, 33, 34, 37, 38, 41, 47, 48, 49, 50, 59, 60, 65, 69, 76, 42, 58], [13, 10, 3, 15, 11, 4, 1, 7, 14, 7, 5, 6, 2, 8, 10, 3, 3, 2, 1, 13, 1, 7, 9, 5, 6], 2
INFO 41, 30, [6, 15, 21, 23, 31, 33, 34, 35, 38, 47, 48, 49, 50, 53, 59, 69, 76, 4, 60, 32, 40, 42, 44, 58, 70, 26], [2, 9, 11, 4, 7, 7, 5, 2, 2, 10, 3, 3, 2, 1, 1, 7, 9, 10, 13, 14, 8, 5, 19, 6, 10, 10], 2
INFO 42, 30, [6, 7, 15, 21, 23, 27, 31, 32, 33, 34, 35, 40, 41, 45, 48, 49, 50, 53, 54, 59, 60, 63, 69, 79, 44, 58, 70, 26], [2, 11, 9, 11, 4, 1, 7, 14, 7, 5, 2, 8, 8, 9, 3, 3, 2, 1, 4, 1, 13, 7, 7, 16, 19, 6, 10, 10], 3
INFO 43, 0, None, 0
INFO 44, 30, [7, 8, 9, 17, 18, 23, 27, 32, 33, 34, 35, 41, 42, 45, 50, 53, 54, 60, 63, 69, 71, 72, 79, 80, 70, 26], [11, 18, 3, 6, 14, 4, 1, 14, 7, 5, 2, 8, 5, 9, 2, 1, 4, 13, 7, 7, 5, 3, 16, 8, 10, 10], 20
INFO 45, 22, [18, 27, 34, 35, 53, 63, 72, 54, 42, 44, 26], [14, 1, 5, 2, 1, 7, 3, 4, 5, 19, 10], 1
INFO 46, 0, None, 0
INFO 47, 26, [19, 20, 21, 31, 37, 38, 41, 48, 49, 55, 64, 65, 73, 74, 75, 76, 28, 32, 40, 58], [3, 15, 11, 7, 6, 2, 8, 3, 3, 7, 11, 1, 12, 12, 13, 9, 1, 14, 8, 6], 0
INFO 48, 22, [21, 31, 37, 38, 41, 47, 49, 50, 55, 59, 64, 65, 75, 76, 28, 60, 32, 40, 42, 58], [11, 7, 6, 2, 8, 10, 3, 2, 7, 1, 11, 1, 13, 9, 1, 13, 14, 8, 5, 6], 1
INFO 49, 22, [21, 23, 31, 38, 41, 47, 48, 50, 59, 65, 76, 60, 32, 40, 42, 58], [11, 4, 7, 2, 8, 10, 3, 2, 1, 1, 9, 13, 14, 8, 5, 6], 1
INFO 50, 22, [23, 31, 33, 34, 41, 48, 49, 59, 69, 76, 60, 32, 40, 42, 44, 58, 70], [4, 7, 7, 5, 8, 3, 3, 1, 7, 9, 13, 14, 8, 5, 19, 6, 10], 0
INFO 51, 0, None, 0
INFO 52, 0, None, 0
INFO 53, 22, [34, 35, 41, 45, 63, 71, 72, 79, 54, 60, 42, 44, 80, 70, 26], [5, 2, 8, 9, 7, 5, 3, 16, 4, 13, 5, 19, 8, 10, 10], 0
INFO 54, 30, [18, 27, 34, 35, 45, 53, 63, 71, 72, 79, 81, 60, 42, 44, 80, 70, 26], [14, 1, 5, 2, 9, 1, 7, 5, 3, 16, 17, 13, 5, 19, 8, 10, 10], 3
INFO 55, 24, [37, 38, 47, 48, 64, 65, 73, 74, 75, 28, 58], [6, 2, 10, 3, 11, 1, 12, 12, 13, 1, 6], 0
INFO 56, 0, None, 0
INFO 57, 0, None, 0
INFO 58, 30, [21, 23, 31, 32, 38, 40, 41, 42, 47, 48, 49, 50, 55, 59, 60, 64, 65, 69, 73, 74, 75, 76, 77, 79, 70], [11, 4, 7, 14, 2, 8, 8, 5, 10, 3, 3, 2, 7, 1, 13, 11, 1, 7, 12, 12, 13, 9, 18, 16, 10], 1
INFO 59, 22, [41, 48, 49, 50, 69, 75, 76, 77, 79, 60, 32, 40, 42, 58, 70], [8, 3, 3, 2, 7, 13, 9, 18, 16, 13, 14, 8, 5, 6, 10], 0
INFO 60, 30, [23, 31, 33, 34, 41, 48, 49, 50, 53, 54, 59, 63, 69, 71, 72, 75, 76, 77, 79, 81, 32, 40, 42, 44, 58, 80, 70], [4, 7, 7, 5, 8, 3, 3, 2, 1, 4, 1, 7, 7, 5, 3, 13, 9, 18, 16, 17, 14, 8, 5, 19, 6, 8, 10], 8
INFO 61, 0, None, 0
INFO 62, 0, None, 0
INFO 63, 26, [34, 45, 53, 71, 72, 79, 81, 54, 60, 42, 44, 80, 70], [5, 9, 1, 5, 3, 16, 17, 4, 13, 5, 19, 8, 10], 2
INFO 64, 26, [37, 47, 48, 55, 65, 73, 74, 75, 76, 58], [6, 10, 3, 7, 1, 12, 12, 13, 9, 6], 0
INFO 65, 26, [37, 38, 47, 48, 49, 55, 64, 73, 74, 75, 76, 40, 58], [6, 2, 10, 3, 3, 7, 11, 12, 12, 13, 9, 8, 6], 0
INFO 66, 0, None, 0
INFO 67, 0, None, 0
INFO 68, 0, None, 0
INFO 69, 24, [41, 50, 59, 71, 72, 76, 77, 79, 60, 40, 42, 44, 58, 80, 70], [8, 2, 1, 5, 3, 9, 18, 16, 13, 8, 5, 19, 6, 8, 10], 1
INFO 70, 30, [34, 41, 42, 44, 50, 53, 54, 58, 59, 60, 63, 69, 71, 72, 76, 77, 79, 80, 81], [5, 8, 5, 19, 2, 1, 4, 6, 1, 13, 7, 7, 5, 3, 9, 18, 16, 8, 17], 3
INFO 71, 22, [53, 63, 69, 72, 79, 81, 54, 60, 44, 80, 70], [1, 7, 7, 3, 16, 17, 4, 13, 19, 8, 10], 3
INFO 72, 30, [45, 53, 63, 69, 71, 79, 81, 54, 60, 44, 80, 70], [9, 1, 7, 7, 5, 16, 17, 4, 13, 19, 8, 10], 0
INFO 73, 26, [47, 55, 64, 65, 74, 75, 76, 58], [10, 7, 11, 1, 12, 13, 9, 6], 1
INFO 74, 26, [47, 55, 64, 65, 73, 75, 76, 58], [10, 7, 11, 1, 12, 13, 9, 6], 1
INFO 75, 26, [47, 48, 55, 59, 64, 65, 73, 74, 76, 77, 60, 58], [10, 3, 7, 1, 11, 1, 12, 12, 9, 18, 13, 6], 1
INFO 76, 30, [41, 47, 48, 49, 50, 59, 64, 65, 69, 73, 74, 75, 77, 79, 60, 40, 58, 70], [8, 10, 3, 3, 2, 1, 11, 1, 7, 12, 12, 13, 18, 16, 13, 8, 6, 10], 1
INFO 77, 24, [59, 69, 75, 76, 79, 60, 58, 80, 70], [1, 7, 13, 9, 16, 13, 6, 8, 10], 4
INFO 78, 0, None, 0
INFO 79, 28, [53, 59, 63, 69, 71, 72, 76, 77, 81, 54, 60, 42, 44, 58, 80, 70], [1, 1, 7, 7, 5, 3, 9, 18, 17, 4, 13, 5, 19, 6, 8, 10], 3
INFO 80, 30, [44, 53, 54, 60, 63, 69, 71, 72, 77, 79, 81, 70], [19, 1, 4, 13, 7, 7, 5, 3, 18, 16, 17, 10], 2
INFO 81, 26, [63, 71, 72, 79, 54, 60, 80, 70], [7, 5, 3, 16, 4, 13, 8, 10], 4
