INFO id, ap
INFO 1, 21, 30, 4
INFO 2, 50, 30, 6
INFO 3, 17, 22, 3
INFO 4, 56, 22, 13
INFO 5, 15, 22, 1
INFO 6, 64, 28, 12
INFO 7, 9, 26, 14
INFO 8, 64, 28, 12
INFO 9, 73, 26, 6
INFO 10, 34, 30, 2
INFO 11, 19, 30, 5
INFO 12, 18, 28, 11
INFO 13, 27, 26, 13
INFO 14, 76, 30, 11
INFO 15, 23, 24, 5
INFO 16, 34, 30, 2
INFO 17, 79, 28, 10
INFO 18, 28, 22, 18
INFO 19, 0, 0, 0
INFO 20, 76, 30, 11
INFO 21, 79, 28, 10
INFO 22, 34, 30, 2
INFO 23, 77, 24, 12
INFO 24, 10, 30, 7
INFO 25, 67, 30, 7
INFO 26, 18, 28, 11
INFO 27, 17, 22, 3
INFO 28, 76, 30, 11
INFO 29, 3, 22, 15
INFO 30, 64, 28, 12
INFO 31, 81, 26, 17
INFO 32, 10, 30, 7
INFO 33, 21, 30, 4
INFO 34, 62, 26, 1
INFO 35, 27, 26, 13
INFO 36, 16, 22, 8
INFO 37, 79, 28, 10
INFO 38, 72, 30, 15
INFO 39, 21, 30, 4
INFO 40, 14, 28, 7
INFO 41, 67, 30, 7
INFO 42, 40, 22, 16
INFO 43, 0, 0, 0
INFO 44, 28, 22, 18
INFO 45, 21, 30, 4
INFO 46, 62, 26, 1
INFO 47, 9, 26, 14
INFO 48, 6, 30, 10
INFO 49, 81, 26, 17
INFO 50, 30, 24, 12
INFO 51, 21, 30, 4
INFO 52, 34, 30, 2
INFO 53, 79, 28, 10
INFO 54, 30, 24, 12
INFO 55, 15, 22, 1
INFO 56, 12, 22, 6
INFO 57, 81, 26, 17
INFO 58, 14, 28, 7
INFO 59, 79, 28, 10
INFO 60, 76, 30, 11
INFO 61, 33, 28, 9
INFO 62, 16, 22, 8
INFO 63, 77, 24, 12
INFO 64, 72, 30, 15
INFO 65, 9, 26, 14
INFO 66, 0, 0, 0
INFO 67, 3, 22, 15
INFO 68, 12, 22, 6
INFO 69, 77, 24, 12
INFO 70, 50, 30, 6
INFO 71, 33, 28, 9
INFO 72, 30, 24, 12
INFO 73, 23, 24, 5
INFO 74, 40, 22, 16
INFO 75, 19, 30, 5
INFO 76, 14, 28, 7
INFO 77, 79, 28, 10
INFO 78, 56, 22, 13
INFO 79, 15, 22, 1
INFO 80, 6, 30, 10
INFO 81, 73, 26, 6
INFO 82, 56, 22, 13
INFO 83, 79, 28, 10
INFO 84, 0, 0, 0
INFO 85, 67, 30, 7
INFO 86, 64, 28, 12
INFO 87, 9, 26, 14
INFO 88, 0, 0, 0
INFO 89, 53, 22, 3
INFO 90, 50, 30, 6
INFO 91, 81, 26, 17
INFO 92, 10, 30, 7
INFO 93, 15, 22, 1
INFO 94, 0, 0, 0
INFO 95, 77, 24, 12
INFO 96, 62, 26, 1
INFO 97, 33, 28, 9
INFO 98, 0, 0, 0
INFO 99, 53, 22, 3
INFO 100, 62, 26, 1
