INFO id, power, channel, user
INFO 1, 30, 19, [15, 109, 157, 193, 199]
INFO 2, 30, 12, [180]
INFO 3, 30, 12, [5, 79, 145, 161]
INFO 4, 30, 18, [14, 82, 36, 42]
INFO 5, 30, 1, [37, 113, 139]
INFO 6, 30, 1, [22, 140, 178, 16, 64]
INFO 7, 0, 0, None
INFO 8, 30, 1, [102, 100, 188, 12]
INFO 9, 30, 19, [23, 29, 69]
INFO 10, 30, 19, [70, 2, 174]
INFO 11, 30, 12, [11, 43]
INFO 12, 30, 12, [60, 160]
INFO 13, 30, 19, [181]
INFO 14, 0, 0, None
INFO 15, 30, 12, [21, 57, 117, 177]
INFO 16, 30, 12, [134]
INFO 17, 30, 19, [127, 187, 191]
INFO 18, 30, 19, [108, 6]
INFO 19, 30, 12, [1, 51, 75, 121, 149]
INFO 20, 30, 1, [196, 130]
INFO 21, 30, 19, [91, 163, 169, 195]
INFO 22, 30, 19, [28, 58]
INFO 23, 30, 19, [111]
INFO 24, 0, 0, None
INFO 25, 30, 12, [53]
INFO 26, 30, 8, [30, 106, 124, 76, 62]
INFO 27, 30, 1, [133]
INFO 28, 30, 1, [138, 96]
INFO 29, 30, 1, [65, 129]
INFO 30, 30, 19, [10, 86, 110]
INFO 31, 30, 19, [3, 19, 25, 31, 63, 67, 83, 131]
INFO 32, 30, 4, [68, 98]
INFO 33, 30, 12, [95]
INFO 34, 0, 0, None
INFO 35, 30, 19, [85, 119, 165, 189]
INFO 36, 30, 12, [52, 80, 8]
INFO 37, 30, 12, [39, 103, 159]
INFO 38, 30, 1, [88]
INFO 39, 0, 0, None
INFO 40, 30, 19, [128, 162, 78]
INFO 41, 0, 0, None
INFO 42, 30, 1, [152, 170]
INFO 43, 30, 12, [89, 93, 167]
INFO 44, 30, 1, [126]
INFO 45, 30, 1, [49, 105, 107, 135]
INFO 46, 30, 12, [182, 20, 166, 112]
INFO 47, 30, 1, [137, 173]
INFO 48, 30, 1, [148, 144, 56, 192]
INFO 49, 30, 12, [55, 179]
INFO 50, 30, 12, [172, 118]
INFO 51, 30, 1, [35]
INFO 52, 30, 1, [48]
INFO 53, 30, 1, [17, 33]
INFO 54, 30, 19, [186, 122, 46]
INFO 55, 30, 19, [45, 73]
INFO 56, 30, 1, [158, 66, 24]
INFO 57, 30, 12, [41, 185]
INFO 58, 30, 4, [74, 72]
INFO 59, 30, 12, [183]
INFO 60, 30, 3, [146, 32]
INFO 61, 30, 19, [47, 115]
INFO 62, 30, 19, [194]
INFO 63, 30, 19, [71, 123, 141]
INFO 64, 30, 19, [104, 150]
INFO 65, 30, 19, [147]
INFO 66, 30, 11, [190]
INFO 67, 30, 12, [87, 153]
INFO 68, 30, 10, [90]
INFO 69, 30, 19, [13]
INFO 70, 30, 6, [44]
INFO 71, 30, 19, [81, 171]
INFO 72, 30, 12, [50]
INFO 73, 30, 19, [99]
INFO 74, 30, 19, [92, 154, 198, 200, 18, 26, 132]
INFO 75, 30, 1, [9]
INFO 76, 30, 12, [142, 54, 34, 156, 120]
INFO 77, 30, 12, [7, 77, 97, 143, 151, 175]
INFO 78, 30, 19, [176, 116, 168, 4, 84, 136]
INFO 79, 30, 1, [101]
INFO 80, 30, 12, [40, 38, 164, 114]
INFO 81, 30, 1, [27, 59, 61]
