INFO id, users, power, state, timer
INFO 1, 0, 0, None
INFO 2, 30, 15, [198, 114]
INFO 3, 22, 19, [35, 193]
INFO 4, 30, 12, [112, 38, 46]
INFO 5, 28, 6, [55, 105, 119, 155, 163, 169]
INFO 6, 30, 19, [136]
INFO 7, 30, 14, [83, 129, 131]
INFO 8, 30, 9, [182, 78, 40, 110]
INFO 9, 22, 10, [19, 175]
INFO 10, 0, 0, None
INFO 11, 24, 19, [67, 99, 103, 7]
INFO 12, 30, 4, [100, 94, 178]
INFO 13, 0, 0, None
INFO 14, 30, 9, [138, 152]
INFO 15, 22, 14, [29, 117]
INFO 16, 30, 19, [34, 166, 98, 44, 24, 120]
INFO 17, 22, 10, [149, 199]
INFO 18, 30, 13, [130]
INFO 19, 30, 4, [17, 47]
INFO 20, 30, 10, [20, 150]
INFO 21, 22, 4, [1, 57, 89, 171, 181, 185]
INFO 22, 30, 15, [88, 128, 170]
INFO 23, 22, 5, [121]
INFO 24, 30, 17, [192, 106]
INFO 25, 0, 0, None
INFO 26, 30, 8, [102]
INFO 27, 28, 6, [123, 157, 177, 179]
INFO 28, 30, 12, [186, 148, 164]
INFO 29, 22, 15, [93, 97, 113]
INFO 30, 30, 9, [52, 184, 140, 154, 108]
INFO 31, 0, 0, None
INFO 32, 30, 19, [32, 28]
INFO 33, 0, 0, None
INFO 34, 30, 7, [174]
INFO 35, 0, 0, None
INFO 36, 0, 0, None
INFO 37, 26, 5, [3, 197]
INFO 38, 30, 19, [118, 142, 196]
INFO 39, 0, 0, None
INFO 40, 30, 13, [190, 72, 90, 146]
INFO 41, 24, 18, [63, 81, 95, 101]
INFO 42, 30, 7, [4, 116]
INFO 43, 22, 9, [25, 33, 37]
INFO 44, 30, 17, [200, 80]
INFO 45, 28, 14, [79, 11]
INFO 46, 30, 7, [2, 10, 6, 76]
INFO 47, 22, 16, [41, 127, 153, 189]
INFO 48, 0, 0, None
INFO 49, 30, 16, [23, 87, 183]
INFO 50, 30, 17, [42, 66, 172, 48]
INFO 51, 22, 1, [143, 145, 191]
INFO 52, 0, 0, None
INFO 53, 22, 2, [27, 91]
INFO 54, 30, 18, [124, 26, 86]
INFO 55, 28, 10, [5, 49, 69, 139, 109]
INFO 56, 30, 3, [56]
INFO 57, 24, 3, [13, 53, 65]
INFO 58, 30, 13, [132, 68]
INFO 59, 0, 0, None
INFO 60, 30, 17, [188]
INFO 61, 24, 1, [73, 75, 125, 135]
INFO 62, 30, 14, [36]
INFO 63, 26, 16, [71, 137, 159]
INFO 64, 30, 4, [14, 62, 70, 30, 168]
INFO 65, 0, 0, None
INFO 66, 30, 6, [18]
INFO 67, 24, 7, [59, 141, 15]
INFO 68, 30, 10, [134, 82, 92, 194, 12]
INFO 69, 22, 1, [21, 161]
INFO 70, 30, 18, [50, 60, 158]
INFO 71, 24, 4, [43, 107]
INFO 72, 28, 19, [162, 8, 64, 122]
INFO 73, 24, 11, [9, 39, 51, 151, 165, 173]
INFO 74, 30, 11, [22, 96, 180, 144, 104]
INFO 75, 28, 1, [45, 61, 77, 85, 167, 195]
INFO 76, 30, 18, [74]
INFO 77, 30, 12, [111, 147, 187]
INFO 78, 0, 0, None
INFO 79, 0, 0, None
INFO 80, 30, 12, [160, 176, 58, 84, 156]
INFO 81, 28, 14, [31, 115, 133]
