INFO id, users, power, state, timer
INFO 1, 28, [2], [9, 97, 125], 18, 20
INFO 2, 28, [1, 4, 13], [152, 90], 18, 40
INFO 3, 0, None, None, 0, None, None, 18, 60
INFO 4, 30, [2, 5, 13, 14], [44, 176, 128, 154], 18, 80
INFO 5, 22, [4, 6, 13, 14, 15], [27, 69, 137, 161], 18, 100
INFO 6, 22, [5, 7, 14, 15, 16, 24], [26, 84, 108, 2, 14, 198, 10, 30], 18, 120
INFO 7, 24, [6, 15, 16, 17], [175, 181], 18, 140
INFO 8, 0, None, None, 0, None, None, 18, 160
INFO 9, 24, [17, 18, 27], [47, 67, 127, 131, 135, 177], 18, 180
INFO 10, 0, None, None, 0, None, None, 36, 20
INFO 11, 0, None, None, 0, None, None, 36, 40
INFO 12, 0, None, None, 0, None, None, 36, 60
INFO 13, 30, [2, 4, 5, 14, 15, 31, 24, 32], [99, 111, 39, 51, 163], 36, 80
INFO 14, 24, [4, 5, 6, 13, 15, 24, 32], [54, 136], 36, 100
INFO 15, 24, [5, 6, 7, 13, 14, 16, 25, 33, 24], [15, 85, 139, 153, 157], 36, 120
INFO 16, 24, [6, 7, 15, 17, 18, 25, 26, 24], [6, 46, 172, 132, 38], 36, 140
INFO 17, 22, [7, 9, 16, 18, 25, 26, 27], [77, 115, 119, 159, 169], 36, 160
INFO 18, 30, [9, 16, 17, 26, 27, 36], [20, 48, 52, 64, 192, 42, 16, 116, 160, 126, 142], 36, 180
INFO 19, 0, None, None, 0, None, None, 54, 20
INFO 20, 0, None, None, 0, None, None, 54, 40
INFO 21, 0, None, None, 0, None, None, 54, 60
INFO 22, 0, None, None, 0, None, None, 54, 80
INFO 23, 0, None, None, 0, None, None, 54, 100
INFO 24, 30, [6, 13, 14, 15, 16, 25, 33, 32, 41], [72, 82], 54, 120
INFO 25, 22, [15, 16, 17, 26, 33, 35, 24], [35, 141, 187], 54, 140
INFO 26, 22, [16, 17, 18, 25, 27, 35, 36, 44], [194], 54, 160
INFO 27, 28, [9, 17, 18, 26, 35, 36, 44], [3, 5, 81], 54, 180
INFO 28, 30, [37, 47], [120, 112], 72, 20
INFO 29, 0, None, None, 0, None, None, 72, 40
INFO 30, 0, None, None, 0, None, None, 72, 60
INFO 31, 22, [13, 40, 41, 32], [19, 43, 45, 55, 79, 191], 72, 80
INFO 32, 30, [13, 14, 24, 31, 33, 40, 41, 50, 51], [100, 68, 122, 8], 72, 100
INFO 33, 30, [15, 25, 41, 50, 51, 24, 32, 44], [61, 63, 167, 171, 73], 72, 120
INFO 34, 0, None, None, 0, None, None, 72, 140
INFO 35, 22, [25, 26, 27, 36, 44], [21, 57, 101, 117, 133, 149, 199], 72, 160
INFO 36, 26, [18, 26, 27, 35, 44], [66, 34], 72, 180
INFO 37, 22, [47, 28], [13], 90, 20
INFO 38, 0, None, None, 0, None, None, 90, 40
INFO 39, 0, None, None, 0, None, None, 90, 60
INFO 40, 24, [31, 41, 49, 50, 48, 32, 58], [170, 12, 150], 90, 80
INFO 41, 30, [31, 33, 40, 49, 50, 51, 59, 32, 24, 48, 58, 60], [145, 17, 165], 90, 100
INFO 42, 0, None, None, 0, None, None, 90, 120
INFO 43, 0, None, None, 0, None, None, 90, 140
INFO 44, 30, [26, 27, 33, 35, 36, 63], [74, 162], 90, 160
INFO 45, 0, None, None, 0, None, None, 90, 180
INFO 46, 0, None, None, 0, None, None, 108, 20
INFO 47, 28, [37, 28, 48, 58], [155, 89], 108, 40
INFO 48, 30, [40, 47, 49, 50, 59, 58, 41], [58, 50, 184, 22], 108, 60
INFO 49, 22, [40, 41, 50, 59, 48, 58], [37, 109], 108, 80
INFO 50, 26, [33, 40, 41, 49, 51, 59, 69, 60, 48, 32, 68, 58], [190, 164, 78, 196, 188, 156], 108, 100
INFO 51, 26, [33, 41, 50, 59, 69, 60, 32, 68], [25, 31, 59, 103, 143, 179], 108, 120
INFO 52, 0, None, None, 0, None, None, 108, 140
INFO 53, 0, None, None, 0, None, None, 108, 160
INFO 54, 0, None, None, 0, None, None, 108, 180
INFO 55, 0, None, None, 0, None, None, 126, 20
INFO 56, 0, None, None, 0, None, None, 126, 40
INFO 57, 0, None, None, 0, None, None, 126, 60
INFO 58, 30, [40, 47, 48, 49, 50, 59, 60, 68, 69, 76, 77, 41], [80, 144, 158], 126, 80
INFO 59, 28, [41, 49, 50, 51, 69, 77, 78, 60, 48, 68, 58], [113, 183, 147, 91, 105], 126, 100
INFO 60, 30, [50, 51, 59, 69, 70, 77, 78, 79, 68, 58, 41], [130, 36], 126, 120
INFO 61, 0, None, None, 0, None, None, 126, 140
INFO 62, 0, None, None, 0, None, None, 126, 160
INFO 63, 28, [71, 72, 81, 44], [75, 193], 126, 180
INFO 64, 0, None, None, 0, None, None, 144, 20
INFO 65, 0, None, None, 0, None, None, 144, 40
INFO 66, 0, None, None, 0, None, None, 144, 60
INFO 67, 0, None, None, 0, None, None, 144, 80
INFO 68, 30, [50, 51, 59, 60, 69, 70, 76, 77, 78, 79, 58], [178, 96, 4, 62, 88, 118], 144, 100
INFO 69, 30, [50, 51, 59, 70, 77, 78, 79, 60, 68, 58], [1, 7, 173, 197, 129], 144, 120
INFO 70, 26, [69, 71, 72, 78, 79, 80, 60, 68], [104, 138], 144, 140
INFO 71, 22, [63, 70, 72, 79, 80, 81], [23, 53, 83, 121, 185], 144, 160
INFO 72, 30, [63, 70, 71, 79, 80, 81], [146, 168, 18, 114], 144, 180
INFO 73, 30, [74], [11, 151], 162, 20
INFO 74, 26, [73], [24, 124, 92], 162, 40
INFO 75, 0, None, None, 0, None, None, 162, 60
INFO 76, 26, [77, 78, 68, 58], [94, 166, 106, 148, 76], 162, 80
INFO 77, 28, [59, 69, 76, 78, 79, 60, 68, 58], [49, 87, 93], 162, 100
INFO 78, 30, [59, 69, 70, 76, 77, 79, 80, 60, 68], [102, 200, 70, 56], 162, 120
INFO 79, 28, [69, 70, 71, 72, 77, 78, 80, 60, 68], [65, 71, 107, 189], 162, 140
INFO 80, 26, [70, 71, 72, 78, 79, 81], [134, 174, 40, 140], 162, 160
INFO 81, 26, [63, 71, 72, 80], [33, 41, 195], 162, 180
